111115
111111
29-03-2020
2000
111112
111113
30-03-2020
2000
111117
111114
31-03-2020
2000
111118
111115
01-04-2020
2000
111111
111116
02-04-2020
2000
111114
111112
03-04-2020
2000
111113
111118
04-04-2020
2000
111115
111117
05-04-2020
1600
111116
111112
05-04-2020
2000
111114
111111
06-04-2020
2000
111117
111118
07-04-2020
2000
111113
111115
08-04-2020
2000
111116
111114
09-04-2020
2000
111112
111117
10-04-2020
2000
111111
111113
11-04-2020
2000
111118
111116
12-04-2020
1600
111114
111115
12-04-2020
2000
111112
111111
13-04-2020
2000
111113
111117
14-04-2020
2000
111115
111116
15-04-2020
2000
111118
111114
16-04-2020
2000
111113
111111
17-04-2020
2000
111117
111116
18-04-2020
2000
111112
111114
19-04-2020
1600
111111
111118
19-04-2020
2000
111115
111113
20-04-2020
2000
111116
111118
21-04-2020
2000
111117
111112
22-04-2020
2000
111114
111113
23-04-2020
2000
111111
111115
24-04-2020
2000
111116
111117
25-04-2020
2000
111113
111114
26-04-2020
1600
111118
111112
26-04-2020
2000
111111
111117
27-04-2020
2000
111115
111114
28-04-2020
2000
111116
111113
29-04-2020
2000
111118
111111
30-04-2020
2000
111115
111112
01-05-2020
2000
111114
111116
02-05-2020
2000
111117
111113
03-05-2020
1600
111112
111118
03-05-2020
2000
111116
111111
04-05-2020
2000
111118
111117
05-05-2020
2000
111112
111115
06-05-2020
2000
111111
111114
07-05-2020
2000
111113
111116
08-05-2020
2000
111115
111118
09-05-2020
2000
111111
111112
10-05-2020
1600
111114
111117
10-05-2020
2000
111116
111115
11-05-2020
2000
111118
111113
12-05-2020
2000
111112
111116
13-05-2020
2000
111117
111111
14-05-2020
2000
111114
111118
15-05-2020
2000
111113
111112
16-05-2020
2000
111115
111117
17-05-2020
2000